0 521 -0.3371394
1 31 6.480502
2 305 6.612122
3 525 2.8996627
4 985 6.792179
5 25 4.0707245
6 524 1.2935565
7 97 3.055993
8 249 1.9498543
9 130 5.0625205
10 205 0.7661849
11 1104 -0.16950315
12 415 4.996449
13 555 3.6052794
14 1528 -3.6443121
15 925 -0.78601724
16 705 3.4637532
17 826 1.5019705
18 99 3.4535728
19 404 4.5473723
20 85 3.3437746
21 220 5.983566
22 922 -1.1705425
23 706 1.7264942
24 799 6.625332
25 510 7.023303
26 966 1.557464
27 652 7.7924404
28 331 4.74984
29 861 4.969539
30 163 5.130075
31 1312 0.04851245
32 149 1.8009737
33 38 6.5786467
34 467 8.734395
35 486 2.9542365
36 408 3.243216
37 116 5.2346873
38 976 -3.3300424
39 751 4.8974013
40 731 4.357409
41 491 2.109057
42 298 5.223148
43 885 2.095496
44 139 7.9416947
45 211 3.3907475
46 665 5.1187687
47 594 5.278096
48 86 8.152701
49 233 7.594851
50 51 6.594113
51 52 11.7418995
52 144 0.71079683
53 235 3.4453595
54 1038 -1.8760508
55 1197 2.6987422
56 418 6.5095997
57 247 11.219094
58 1315 3.4553819
59 723 10.844823
60 130 -0.07273671
61 275 2.5138192
62 526 1.4752129
63 67 7.6250224
64 111 5.113555
65 175 4.375924
66 252 10.176119
67 668 7.794665
68 437 3.0187511
69 628 7.906568
70 1210 2.4661367
71 357 10.25445
72 17 2.685147
73 504 7.2132063
74 474 5.7899804
75 491 2.2079432
76 899 5.433704
77 144 8.476422
78 741 5.7142177
79 510 6.9168468
80 1143 0.46156535
81 166 6.083065
82 11 3.6053662
83 364 4.4885664
84 23 10.027413
85 703 2.709226
86 415 6.2919664
87 430 2.4364684
88 992 1.552426
89 254 10.070025
90 72 -1.2211074
91 33 8.834756
92 256 10.297003
93 977 7.1061106
94 24 8.519287
95 274 6.919648
96 492 8.562282
97 598 1.1341325
98 486 4.142723
99 114 5.6015153
100 287 4.0506177
101 269 6.8524494
102 356 8.139005
103 864 6.728607
104 416 3.831951
105 296 2.8975554
106 144 9.694457
107 185 3.772396
108 256 5.4985585
109 47 8.194564
110 1016 -1.1324763
111 799 9.588867
112 34 7.8458233
113 1036 5.199299
114 574 5.5731754
115 68 10.4749775
116 1262 1.3404788
117 16 2.3535588
118 726 1.2511349
119 446 5.0131636
120 1104 7.12935
121 1 5.7702866
122 140 4.629653
123 254 5.5917
124 23 7.7002897
125 644 1.7202096
126 486 3.1051104
127 332 6.1159687
128 32 5.986539
129 51 2.4590406
130 153 12.085268
131 503 4.952065
132 474 6.855639
133 1098 2.3893883
134 824 4.786848
135 1002 2.5525775
136 464 7.520601
137 491 10.105928
138 211 5.200242
139 719 3.4091508
140 31 9.361672
141 393 4.4731035
142 1402 3.291544
143 796 9.527423
144 839 1.1646127
145 80 -2.350543
146 809 7.5135975
147 1020 5.5886903
148 11 2.309092
149 506 6.155588
150 432 5.2018657
151 707 7.3177056
152 391 8.128368
153 10 4.70549
154 247 7.5638356
155 959 6.180388
156 241 6.2936544
157 864 5.7906866
158 558 4.837501
159 299 6.692487
160 245 6.0423346
161 60 7.759298
162 91 5.957875
163 255 8.327201
164 252 6.8471103
165 685 2.258392
166 288 2.3470078
167 872 7.0617614
168 1181 3.8541894
169 78 3.7745888
170 9 1.2083521
171 668 7.961034
172 509 3.6334453
173 862 6.1162663
174 534 6.777125
175 832 6.2521415
176 621 8.444604
177 24 9.891779
178 31 7.0653152
179 635 2.3482594
180 77 5.362083
181 168 4.99505
182 146 8.711989
183 571 9.257169
184 40 1.4507041
185 510 10.137277
186 361 6.4733424
187 335 -0.6025516
188 842 4.801621
189 346 11.547498
190 166 7.0883856
191 1191 -4.2444425
192 59 3.9230587
193 508 4.162781
194 881 5.4444427
195 473 4.9199862
196 1104 6.311466
197 339 10.637015
198 371 5.613568
199 117 6.694378
200 393 6.5199237
201 848 4.908265
202 49 5.706204
203 1229 6.747063
204 762 7.1390038
205 526 4.932608
206 622 8.498804
207 568 2.5744739
208 1113 8.436004
209 209 6.5339713
210 53 2.653445
211 985 0.28542146
212 331 7.826975
213 77 9.706126
214 167 1.9482274
215 479 6.0624
216 466 4.79543
217 331 12.169282
218 305 2.132599
219 173 8.103856
220 420 8.869126
221 487 7.0647564
222 403 10.932675
223 33 5.721439
224 158 3.306305
225 254 11.369913
226 502 2.7542355
227 50 6.692301
228 9 4.0799704
229 151 5.6978836
230 668 6.2609115
231 403 10.168475
232 514 8.207849
233 928 4.953023
234 466 5.141053
235 78 3.3770022
236 618 3.5678825
237 217 11.358025
238 1421 -0.03503945
239 518 6.0891995
240 403 10.59246
241 466 6.9549236
242 614 1.5819811
243 359 2.064638
244 851 7.52573
245 306 8.304115
246 364 6.571533
247 242 12.05867
248 1070 -2.017761
249 25 8.365326
250 93 7.8331513
251 713 6.835389
252 501 8.110579
253 719 1.375919
254 602 -1.2611823
255 297 9.2295885
256 157 8.321312
257 153 2.5505648
258 594 4.994394
259 83 5.085449
260 492 8.286901
261 1 5.3309245
262 1 8.880015
263 613 8.736466
264 674 6.976255
265 217 6.5119476
266 269 9.380362
267 229 5.320411
268 17 8.661971
269 52 4.755859
270 51 6.730316
271 873 9.597601
272 538 6.773527
273 95 6.5307865
274 928 9.981989
275 960 4.704367
276 252 9.629327
277 1473 -0.36816886
278 647 6.389498
279 54 3.289785
280 969 6.0414305
281 346 5.078497
282 384 4.141051
283 1069 4.2710576
284 247 7.7961164
285 966 1.8341879
286 274 7.262541
287 25 10.298066
288 552 5.7012534
289 706 1.9802915
290 187 4.039803
291 340 -3.1166184
292 860 8.147213
293 174 6.258929
294 157 14.067409
295 225 8.893516
296 1034 3.741879
297 993 4.917955
298 173 11.053891
299 851 2.6442368
300 329 6.32349
301 136 10.973903
302 189 6.4839272
303 86 3.6563034
304 247 10.85488
305 157 9.04487
306 1202 5.5651875
307 148 1.7849007
308 555 1.4220483
309 305 4.985003
310 42 3.11845
311 622 5.9542384
312 46 3.4706295
313 1615 2.5442004
314 357 6.1683693
315 244 8.533801
316 289 5.9260406
317 1243 7.886679
318 116 3.7249806
319 73 9.932796
320 960 7.861411
321 1076 4.2081394
322 644 5.358804
323 60 8.995976
324 49 10.010726
325 1523 -2.8394933
326 519 2.5222838
327 762 4.871659
328 378 7.662652
329 140 5.907862
330 274 7.6904593
331 101 9.0611
332 92 6.799685
333 108 10.322732
334 280 7.872192
335 33 4.80782
336 136 4.411201
337 274 7.160537
338 459 9.274789
339 57 9.817511
340 1010 0.1452346
341 1427 -3.658352
342 305 5.408384
343 591 3.410754
344 85 3.1938794
345 22 11.416596
346 552 9.109325
347 523 4.231024
348 580 5.348742
349 761 4.3795676
350 952 -1.2364045
351 288 10.148612
352 101 10.684263
353 878 3.4846625
354 568 5.287413
355 928 4.90356
356 555 8.522072
357 175 9.507061
358 751 1.7899965
359 487 9.50807
360 31 12.513615
361 168 7.720563
362 229 7.3321247
363 458 3.9228294
364 74 1.4315472
365 734 6.636643
366 530 3.6856642
367 271 0.367206
368 315 3.4197857
369 952 0.8782767
370 142 9.893199
371 154 5.4352417
372 469 6.7047305
373 139 8.530255
374 99 6.805417
375 311 8.388421
376 95 3.009596
377 485 0.8400259
378 48 2.6121593
379 44 6.5755854
380 682 2.5338714
381 53 3.5158296
382 144 8.874769
383 25 9.019186
384 184 3.1672697
385 36 9.256709
386 432 6.1656756
387 715 7.8913617
388 321 6.1904197
389 365 7.036288
390 719 5.3154597
391 490 6.0055537
392 474 8.147475
393 4 8.680016
394 147 5.746683
395 1011 2.2251153
396 781 3.7207553
397 618 0.7533804
398 269 8.693342
399 60 8.753346
400 719 11.457065
401 798 4.1584363
402 1395 -0.42439184
403 144 9.288065
404 401 4.8170004
405 209 7.246802
406 410 3.0783908
407 408 3.8359423
408 452 6.8821087
409 1430 -0.48302898
410 175 12.071816
411 630 11.438601
412 259 1.3404366
413 1077 -0.09320336
414 405 7.5568557
415 608 4.534896
416 381 4.642522
417 693 2.6014605
418 133 8.465052
419 78 7.9919066
420 516 5.008622
421 367 8.69485
422 269 6.811204
423 213 8.297688
424 60 10.938037
425 86 7.6433125
426 409 7.8112855
427 547 7.153748
428 251 -3.2743783
429 141 6.3726716
430 361 8.706488
431 777 2.4826007
432 503 4.8959527
433 173 10.355296
434 852 3.0545266
435 106 4.982785
436 890 8.30365
437 832 6.4183764
438 58 1.7005072
439 1098 1.6638818
440 351 7.542458
441 713 4.8778787
442 117 2.8501706
443 1192 2.8586154
444 707 3.6295338
445 793 8.611638
446 310 0.60241276
447 265 3.0786726
448 450 0.7433192
449 49 8.51212
450 213 -0.61228216
451 1281 5.2236567
452 999 4.0227065
453 31 8.35181
454 157 4.326126
455 925 0.72063875
456 4 9.564182
457 166 3.8512928
458 461 2.9329157
459 512 6.679206
460 60 10.28096
461 469 3.5992923
462 26 4.719748
463 293 8.439139
464 151 1.749924
465 278 5.5195756
466 816 9.568118
467 512 6.1846914
468 189 5.77402
469 36 7.828759
470 1257 -2.2760692
471 1179 1.4990674
472 263 4.755765
473 73 7.141266
474 137 7.4476604
475 86 7.3673105
476 922 -0.68486387
477 89 7.325393
478 1178 2.1397355
479 1018 2.108064
480 382 6.633612
481 179 7.8924837
482 5 6.8890514
483 280 5.4814596
484 198 7.700935
485 1181 7.463279
486 1106 0.94669026
487 738 1.1156354
488 387 9.739441
489 467 4.914153
490 762 8.837401
491 966 0.7831432
492 361 5.952896
493 290 5.6317053
494 1430 5.5355053
495 331 5.498764
496 719 6.16491
497 668 11.138696
498 610 6.206097
499 434 4.8928995
500 105 2.3326378
501 201 5.4513545
502 462 2.4160168
503 23 8.064735
504 214 -1.7709126
505 357 11.527061
506 51 7.0739913
507 214 5.208617
508 24 3.9065452
509 350 10.891616
510 339 8.574683
511 530 3.5638745
512 514 10.419267
513 357 7.2962885
514 277 4.778069
515 793 7.8566184
516 165 -0.22354342
517 672 2.7533748
518 491 3.389045
519 65 6.571718
520 1067 3.9532309
521 4 9.039572
522 367 7.0031786
523 36 2.4892194
524 746 1.6449742
525 719 10.229149
526 116 8.539197
527 89 8.907656
528 256 6.403998
529 925 4.358969
530 969 2.7650735
531 157 4.8344784
532 709 7.7142653
533 672 4.9969473
534 373 1.1121069
535 336 9.769707
536 966 6.327824
537 166 10.6313715
538 474 1.4434476
539 385 6.3754773
540 244 8.40446
541 85 5.348412
542 497 -2.3119943
543 686 -1.2181903
544 878 6.951477
545 258 8.406028
546 468 4.9457383
547 681 6.204081
548 436 9.611135
549 1102 4.679565
550 176 6.3694606
551 98 6.872245
552 668 8.0623865
553 723 4.1783924
554 363 1.4049119
555 814 3.844017
556 1042 -4.297109
557 1251 10.029534
558 313 1.1939346
559 335 -1.9540174
560 491 8.608659
561 872 8.183161
562 802 10.272017
563 186 7.048729
564 443 7.344184
565 350 3.4533079
566 139 6.906338
567 137 7.78962
568 73 7.2331676
569 333 2.5779567
570 336 5.578016
571 567 2.1300812
572 501 6.2225337
573 406 6.6595907
574 240 10.862707
575 71 -1.8179142
576 901 0.5284575
577 1547 0.00209833
578 779 4.0869694
579 1023 3.8851292
580 188 8.21873
581 849 4.4868956
582 599 7.349943
583 63 8.498791
584 842 2.9426472
585 136 9.770714
586 695 10.724345
587 87 5.4272423
588 284 7.6247373
589 861 6.9317546
590 43 9.062773
591 120 8.983595
592 890 7.755697
593 275 8.679256
594 1036 4.2911487
595 1369 -1.3939353
596 92 1.9487333
597 23 8.492963
598 1234 2.887058
599 299 5.0115695
600 508 0.47234225
601 1369 0.5577114
602 1161 -0.5645828
603 499 5.798718
604 908 1.9880726
605 140 7.2799788
606 497 7.36614
607 237 6.4952183
608 881 2.711094
609 656 10.16308
610 355 7.5799274
611 366 5.49656
612 519 3.6461096
613 1190 6.6379995
614 240 9.096804
615 527 11.0268755
616 327 -1.4556941
617 610 6.938499
618 652 6.525463
619 373 7.4811654
620 666 4.6169744
621 319 4.275122
622 278 4.7941613
623 357 9.918586
624 321 7.271852
625 6 6.3755145
626 509 -0.19004151
627 29 8.059424
628 484 1.5720146
629 1280 1.1052353
630 976 -3.9594023
631 1071 4.0039005
632 130 3.597831
633 124 2.3266442
634 745 6.968723
635 1000 3.2610223
636 508 0.36212242
637 383 5.5647326
638 408 2.4081771
639 247 10.605323
640 68 6.210747
641 177 9.00913
642 181 9.03075
643 732 5.5761166
644 153 6.9559913
645 140 7.5416193
646 468 3.2879255
647 691 5.9667115
648 491 7.2278185
649 117 4.3712635
650 546 0.19387029
651 706 8.352108
652 103 7.051949
653 85 4.7033687
654 1430 1.4669764
655 900 8.338263
656 335 5.974817
657 431 2.5151584
658 438 6.177112
659 862 7.919138
660 325 5.445526
661 586 7.12272
662 130 3.8904517
663 1259 3.1202407
664 148 7.581195
665 93 8.387763
666 1098 5.878958
667 156 6.704176
668 177 0.99762285
669 254 7.497881
670 230 5.8603196
671 259 5.752936
672 318 3.8016748
673 796 2.291518
674 40 -0.9036945
675 820 3.4214168
676 205 4.452651
677 585 5.637774
678 73 -3.1860085
679 856 3.973099
680 1172 4.727512
681 614 7.664477
682 435 7.239387
683 814 4.949128
684 19 4.218441
685 298 7.461594
686 85 6.788796
687 642 2.4228246
688 1177 2.2599301
689 254 6.1756625
690 537 3.9172356
691 140 9.07098
692 32 8.165109
693 89 9.410783
694 851 -1.0512706
695 546 4.873031
696 1098 -1.1725396
697 200 9.556242
698 274 7.9633904
699 144 8.357639
700 1500 3.3979156
701 364 7.4860144
702 306 1.8462069
703 630 2.4724956
704 4 5.941588
705 822 4.459766
706 670 2.8334577
707 184 11.401297
708 218 7.152812
709 360 9.227079
710 140 8.822645
711 94 4.8470335
712 628 6.2567906
713 370 -2.1120315
714 360 8.255564
715 189 5.8758955
716 115 5.5436583
717 1115 -0.8255331
718 1077 8.890258
719 289 8.58536
720 850 0.10852528
721 280 8.927384
722 77 11.818201
723 1098 8.613118
724 98 7.47187
725 434 6.795523
726 512 8.024088
727 452 8.003861
728 936 7.187403
729 427 8.609118
730 403 6.5478163
731 97 6.498321
732 141 7.338327
733 305 8.366888
734 288 12.4697
735 25 7.1392107
736 59 4.162196
737 1405 3.7875485
738 512 11.269573
739 20 -2.5811205
740 899 2.8658369
741 320 8.591256
742 1447 1.2658409
743 275 8.449086
744 475 5.1344275
745 1397 4.6324267
746 245 8.759178
747 124 6.192013
748 1281 -0.03247726
749 399 4.7517066
750 98 7.4869194
751 505 0.38672364
752 1098 -0.6475327
753 570 6.365813
754 518 5.032442
755 357 10.699258
756 904 4.083018
757 160 3.09612
758 220 6.674846
759 695 7.714731
760 795 6.2817807
761 1137 4.1212134
762 175 9.326962
763 668 3.0393593
764 423 4.702035
765 1353 0.7371328
766 225 6.21971
767 681 8.187835
768 394 6.221453
769 297 6.003503
770 594 4.2126637
771 552 10.948602
772 822 3.3451836
773 151 8.438339
774 436 5.2583637
775 96 4.3662953
776 443 9.139187
777 749 4.692587
778 1452 0.5206247
779 360 5.7567673
780 751 8.156071
781 860 6.6574416
782 946 2.7978399
783 52 8.869597
784 491 0.95540303
785 484 9.243686
786 252 10.622207
787 503 4.552628
788 73 6.8059506
789 239 8.221195
790 110 9.267646
791 685 5.4692807
792 971 10.161931
793 960 4.59358
794 357 8.46875
795 771 1.7796574
796 652 10.943911
797 1054 -0.5041395
798 104 8.216509
799 116 3.058119
800 452 7.3833804
801 66 5.8622603
802 1017 -3.342258
803 504 4.2851076
804 706 4.3677583
805 375 -1.455913
806 1257 3.2343836
807 928 6.405618
808 66 6.4276037
809 769 9.037252
810 309 9.608457
811 1058 1.9041191
812 858 8.076864
813 420 6.2947407
814 95 4.2038646
815 876 4.7597237
816 608 8.192436
817 873 5.741941
818 422 4.2540298
819 447 3.2192214
820 1113 7.073567
821 153 7.933614
822 325 6.2404923
823 1259 -0.09733621
824 4 8.79848
825 77 8.638138
826 214 -1.95454
827 550 5.134465
828 691 4.6042643
829 554 4.4503903
830 762 2.2051334
831 632 -0.23624134
832 86 6.294108
833 860 10.190371
834 733 6.4429955
835 901 5.2558327
836 365 7.1691065
837 1240 1.2031538
838 1104 7.4258647
839 335 5.9410043
840 1098 8.097486
841 424 3.1099186
842 366 4.606017
843 525 6.859167
844 201 5.4266176
845 922 3.3902988
846 220 2.4395514
847 447 -1.1654052
848 105 5.7313843
849 213 5.9300203
850 928 8.465339
851 333 5.5225573
852 274 8.917428
853 1398 4.2674212
854 1220 3.9509187
855 518 5.152325
856 352 3.722229
857 274 7.1518345
858 252 10.102311
859 1548 8.457056
860 1527 0.69469327
861 613 4.097063
862 10 5.500914
863 95 6.5634003
864 510 1.4837664
865 156 10.036001
866 610 6.557921
867 304 -2.8841178
868 310 5.5337496
869 112 8.290313
870 333 5.8543015
871 48 9.760031
872 568 7.9430485
873 150 6.2499523
874 206 10.438716
875 124 5.9949803
876 101 7.2802505
877 514 4.022939
878 434 4.652929
879 83 10.601394
880 839 3.5986261
881 816 7.030128
882 610 5.754651
883 11 1.3551571
884 385 7.1144357
885 757 -0.1671508
886 254 6.531141
887 75 3.5498972
888 817 6.352632
889 757 -5.3974056
890 155 6.3495917
891 120 10.976029
892 680 5.1240625
893 881 2.3489993
894 1189 -0.68157905
895 409 7.0506816
896 706 5.055412
897 754 2.954379
898 36 4.920623
899 501 1.4617531
900 1076 4.7585425
901 156 10.816177
902 1243 4.090836
903 364 7.239901
904 413 3.108331
905 601 1.0760844
906 315 4.8393397
907 780 0.06506278
908 273 7.084461
909 30 4.9030433
910 435 6.543685
911 456 6.387882
912 745 5.1745257
913 231 5.5535364
914 644 4.8748536
915 157 10.557052
916 213 5.0542846
917 510 5.2036853
918 367 4.99018
919 280 6.031641
920 226 8.4336195
921 501 5.628808
922 216 10.202466
923 325 11.113353
924 862 6.51793
925 828 6.812538
926 594 0.95144475
927 24 2.6538985
928 773 5.8629255
929 762 7.4241805
930 1082 6.8658266
931 630 9.131724
932 365 8.980343
933 1073 8.2245865
934 264 4.8411064
935 534 6.208423
936 51 8.439895
937 29 8.692069
938 706 4.3058395
939 722 4.977949
940 148 5.989991
941 585 10.149841
942 68 6.921135
